-1	-1	-1	-1	-1	-1	0
-1	-1	-1	-1	-1	81299	0
-1	-1	-1	-1	-1	82012	0
-1	-1	-1	-1	81856	-1	0
-1	-1	-1	-1	82012	-1	0
-1	-1	-1	-1	81856	82012	0
-1	-1	-1	-1	82012	81299	0
-1	-1	-1	1451	-1	-1	0
-1	-1	-1	1451	-1	81299	0
-1	-1	-1	1451	-1	82012	0
-1	-1	-1	1451	81856	-1	0
-1	-1	-1	1451	82012	-1	0
-1	-1	-1	1451	81856	82012	0
-1	-1	-1	1451	82012	81299	0
-1	-1	1	-1	-1	-1	0
-1	-1	2	-1	-1	-1	0
-1	-1	3	-1	-1	-1	0
-1	-1	4	-1	-1	-1	0
-1	-1	5	-1	-1	-1	0
-1	-1	6	-1	-1	-1	0
-1	-1	14	-1	-1	-1	0
-1	-1	15	-1	-1	-1	0
-1	-1	17	-1	-1	-1	0
-1	-1	18	-1	-1	-1	0
-1	-1	19	-1	-1	-1	0
-1	-1	21	-1	-1	-1	0
-1	-1	22	-1	-1	-1	0
-1	-1	23	-1	-1	-1	0
-1	-1	24	-1	-1	-1	0
-1	-1	25	-1	-1	-1	0
-1	-1	26	-1	-1	-1	0
-1	-1	28	-1	-1	-1	0
-1	-1	29	-1	-1	-1	0
-1	-1	31	-1	-1	-1	0
-1	-1	1	-1	-1	81299	0
-1	-1	2	-1	-1	81299	0
-1	-1	3	-1	-1	81299	0
-1	-1	4	-1	-1	81299	0
-1	-1	5	-1	-1	81299	0
-1	-1	6	-1	-1	81299	0
-1	-1	14	-1	-1	82012	0
-1	-1	15	-1	-1	82012	0
-1	-1	17	-1	-1	82012	0
-1	-1	18	-1	-1	82012	0
-1	-1	19	-1	-1	82012	0
-1	-1	21	-1	-1	82012	0
-1	-1	22	-1	-1	82012	0
-1	-1	23	-1	-1	82012	0
-1	-1	24	-1	-1	82012	0
-1	-1	25	-1	-1	82012	0
-1	-1	26	-1	-1	82012	0
-1	-1	28	-1	-1	82012	0
-1	-1	29	-1	-1	82012	0
-1	-1	31	-1	-1	82012	0
-1	-1	1	-1	82012	-1	0
-1	-1	2	-1	82012	-1	0
-1	-1	3	-1	82012	-1	0
-1	-1	4	-1	82012	-1	0
-1	-1	5	-1	82012	-1	0
-1	-1	6	-1	82012	-1	0
-1	-1	14	-1	81856	-1	0
-1	-1	15	-1	81856	-1	0
-1	-1	17	-1	81856	-1	0
-1	-1	18	-1	81856	-1	0
-1	-1	19	-1	81856	-1	0
-1	-1	21	-1	81856	-1	0
-1	-1	22	-1	81856	-1	0
-1	-1	23	-1	81856	-1	0
-1	-1	24	-1	81856	-1	0
-1	-1	25	-1	81856	-1	0
-1	-1	26	-1	81856	-1	0
-1	-1	28	-1	81856	-1	0
-1	-1	29	-1	81856	-1	0
-1	-1	31	-1	81856	-1	0
-1	-1	1	-1	82012	81299	0
-1	-1	2	-1	82012	81299	0
-1	-1	3	-1	82012	81299	0
-1	-1	4	-1	82012	81299	0
-1	-1	5	-1	82012	81299	0
-1	-1	6	-1	82012	81299	0
-1	-1	14	-1	81856	82012	0
-1	-1	15	-1	81856	82012	0
-1	-1	17	-1	81856	82012	0
-1	-1	18	-1	81856	82012	0
-1	-1	19	-1	81856	82012	0
-1	-1	21	-1	81856	82012	0
-1	-1	22	-1	81856	82012	0
-1	-1	23	-1	81856	82012	0
-1	-1	24	-1	81856	82012	0
-1	-1	25	-1	81856	82012	0
-1	-1	26	-1	81856	82012	0
-1	-1	28	-1	81856	82012	0
-1	-1	29	-1	81856	82012	0
-1	-1	31	-1	81856	82012	0
-1	-1	1	1451	-1	-1	0
-1	-1	2	1451	-1	-1	0
-1	-1	3	1451	-1	-1	0
-1	-1	4	1451	-1	-1	0
-1	-1	5	1451	-1	-1	0
-1	-1	6	1451	-1	-1	0
-1	-1	14	1451	-1	-1	0
-1	-1	15	1451	-1	-1	0
-1	-1	17	1451	-1	-1	0
-1	-1	18	1451	-1	-1	0
-1	-1	19	1451	-1	-1	0
-1	-1	21	1451	-1	-1	0
-1	-1	22	1451	-1	-1	0
-1	-1	23	1451	-1	-1	0
-1	-1	24	1451	-1	-1	0
-1	-1	25	1451	-1	-1	0
-1	-1	26	1451	-1	-1	0
-1	-1	28	1451	-1	-1	0
-1	-1	29	1451	-1	-1	0
-1	-1	31	1451	-1	-1	0
-1	-1	1	1451	-1	81299	0
-1	-1	2	1451	-1	81299	0
-1	-1	3	1451	-1	81299	0
-1	-1	4	1451	-1	81299	0
-1	-1	5	1451	-1	81299	0
-1	-1	6	1451	-1	81299	0
-1	-1	14	1451	-1	82012	0
-1	-1	15	1451	-1	82012	0
-1	-1	17	1451	-1	82012	0
-1	-1	18	1451	-1	82012	0
-1	-1	19	1451	-1	82012	0
-1	-1	21	1451	-1	82012	0
-1	-1	22	1451	-1	82012	0
-1	-1	23	1451	-1	82012	0
-1	-1	24	1451	-1	82012	0
-1	-1	25	1451	-1	82012	0
-1	-1	26	1451	-1	82012	0
-1	-1	28	1451	-1	82012	0
-1	-1	29	1451	-1	82012	0
-1	-1	31	1451	-1	82012	0
-1	-1	1	1451	82012	-1	0
-1	-1	2	1451	82012	-1	0
-1	-1	3	1451	82012	-1	0
-1	-1	4	1451	82012	-1	0
-1	-1	5	1451	82012	-1	0
-1	-1	6	1451	82012	-1	0
-1	-1	14	1451	81856	-1	0
-1	-1	15	1451	81856	-1	0
-1	-1	17	1451	81856	-1	0
-1	-1	18	1451	81856	-1	0
-1	-1	19	1451	81856	-1	0
-1	-1	21	1451	81856	-1	0
-1	-1	22	1451	81856	-1	0
-1	-1	23	1451	81856	-1	0
-1	-1	24	1451	81856	-1	0
-1	-1	25	1451	81856	-1	0
-1	-1	26	1451	81856	-1	0
-1	-1	28	1451	81856	-1	0
-1	-1	29	1451	81856	-1	0
-1	-1	31	1451	81856	-1	0
-1	-1	1	1451	82012	81299	0
-1	-1	2	1451	82012	81299	0
-1	-1	3	1451	82012	81299	0
-1	-1	4	1451	82012	81299	0
-1	-1	5	1451	82012	81299	0
-1	-1	6	1451	82012	81299	0
-1	-1	14	1451	81856	82012	0
-1	-1	15	1451	81856	82012	0
-1	-1	17	1451	81856	82012	0
-1	-1	18	1451	81856	82012	0
-1	-1	19	1451	81856	82012	0
-1	-1	21	1451	81856	82012	0
-1	-1	22	1451	81856	82012	0
-1	-1	23	1451	81856	82012	0
-1	-1	24	1451	81856	82012	0
-1	-1	25	1451	81856	82012	0
-1	-1	26	1451	81856	82012	0
-1	-1	28	1451	81856	82012	0
-1	-1	29	1451	81856	82012	0
-1	-1	31	1451	81856	82012	0
-1	10	-1	-1	-1	-1	0
-1	10	-1	-1	-1	81299	0
-1	10	-1	-1	-1	82012	0
-1	10	-1	-1	81856	-1	0
-1	10	-1	-1	82012	-1	0
-1	10	-1	-1	81856	82012	0
-1	10	-1	-1	82012	81299	0
-1	10	-1	1451	-1	-1	0
-1	10	-1	1451	-1	81299	0
-1	10	-1	1451	-1	82012	0
-1	10	-1	1451	81856	-1	0
-1	10	-1	1451	82012	-1	0
-1	10	-1	1451	81856	82012	0
-1	10	-1	1451	82012	81299	0
-1	10	1	-1	-1	-1	0
-1	10	2	-1	-1	-1	0
-1	10	3	-1	-1	-1	0
-1	10	4	-1	-1	-1	0
-1	10	5	-1	-1	-1	0
-1	10	6	-1	-1	-1	0
-1	10	14	-1	-1	-1	0
-1	10	15	-1	-1	-1	0
-1	10	17	-1	-1	-1	0
-1	10	18	-1	-1	-1	0
-1	10	19	-1	-1	-1	0
-1	10	21	-1	-1	-1	0
-1	10	22	-1	-1	-1	0
-1	10	23	-1	-1	-1	0
-1	10	24	-1	-1	-1	0
-1	10	25	-1	-1	-1	0
-1	10	26	-1	-1	-1	0
-1	10	28	-1	-1	-1	0
-1	10	29	-1	-1	-1	0
-1	10	31	-1	-1	-1	0
-1	10	1	-1	-1	81299	0
-1	10	2	-1	-1	81299	0
-1	10	3	-1	-1	81299	0
-1	10	4	-1	-1	81299	0
-1	10	5	-1	-1	81299	0
-1	10	6	-1	-1	81299	0
-1	10	14	-1	-1	82012	0
-1	10	15	-1	-1	82012	0
-1	10	17	-1	-1	82012	0
-1	10	18	-1	-1	82012	0
-1	10	19	-1	-1	82012	0
-1	10	21	-1	-1	82012	0
-1	10	22	-1	-1	82012	0
-1	10	23	-1	-1	82012	0
-1	10	24	-1	-1	82012	0
-1	10	25	-1	-1	82012	0
-1	10	26	-1	-1	82012	0
-1	10	28	-1	-1	82012	0
-1	10	29	-1	-1	82012	0
-1	10	31	-1	-1	82012	0
-1	10	1	-1	82012	-1	0
-1	10	2	-1	82012	-1	0
-1	10	3	-1	82012	-1	0
-1	10	4	-1	82012	-1	0
-1	10	5	-1	82012	-1	0
-1	10	6	-1	82012	-1	0
-1	10	14	-1	81856	-1	0
-1	10	15	-1	81856	-1	0
-1	10	17	-1	81856	-1	0
-1	10	18	-1	81856	-1	0
-1	10	19	-1	81856	-1	0
-1	10	21	-1	81856	-1	0
-1	10	22	-1	81856	-1	0
-1	10	23	-1	81856	-1	0
-1	10	24	-1	81856	-1	0
-1	10	25	-1	81856	-1	0
-1	10	26	-1	81856	-1	0
-1	10	28	-1	81856	-1	0
-1	10	29	-1	81856	-1	0
-1	10	31	-1	81856	-1	0
-1	10	1	-1	82012	81299	0
-1	10	2	-1	82012	81299	0
-1	10	3	-1	82012	81299	0
-1	10	4	-1	82012	81299	0
-1	10	5	-1	82012	81299	0
-1	10	6	-1	82012	81299	0
-1	10	14	-1	81856	82012	0
-1	10	15	-1	81856	82012	0
-1	10	17	-1	81856	82012	0
-1	10	18	-1	81856	82012	0
-1	10	19	-1	81856	82012	0
-1	10	21	-1	81856	82012	0
-1	10	22	-1	81856	82012	0
-1	10	23	-1	81856	82012	0
-1	10	24	-1	81856	82012	0
-1	10	25	-1	81856	82012	0
-1	10	26	-1	81856	82012	0
-1	10	28	-1	81856	82012	0
-1	10	29	-1	81856	82012	0
-1	10	31	-1	81856	82012	0
-1	10	1	1451	-1	-1	0
-1	10	2	1451	-1	-1	0
-1	10	3	1451	-1	-1	0
-1	10	4	1451	-1	-1	0
-1	10	5	1451	-1	-1	0
-1	10	6	1451	-1	-1	0
-1	10	14	1451	-1	-1	0
-1	10	15	1451	-1	-1	0
-1	10	17	1451	-1	-1	0
-1	10	18	1451	-1	-1	0
-1	10	19	1451	-1	-1	0
-1	10	21	1451	-1	-1	0
-1	10	22	1451	-1	-1	0
-1	10	23	1451	-1	-1	0
-1	10	24	1451	-1	-1	0
-1	10	25	1451	-1	-1	0
-1	10	26	1451	-1	-1	0
-1	10	28	1451	-1	-1	0
-1	10	29	1451	-1	-1	0
-1	10	31	1451	-1	-1	0
-1	10	1	1451	-1	81299	0
-1	10	2	1451	-1	81299	0
-1	10	3	1451	-1	81299	0
-1	10	4	1451	-1	81299	0
-1	10	5	1451	-1	81299	0
-1	10	6	1451	-1	81299	0
-1	10	14	1451	-1	82012	0
-1	10	15	1451	-1	82012	0
-1	10	17	1451	-1	82012	0
-1	10	18	1451	-1	82012	0
-1	10	19	1451	-1	82012	0
-1	10	21	1451	-1	82012	0
-1	10	22	1451	-1	82012	0
-1	10	23	1451	-1	82012	0
-1	10	24	1451	-1	82012	0
-1	10	25	1451	-1	82012	0
-1	10	26	1451	-1	82012	0
-1	10	28	1451	-1	82012	0
-1	10	29	1451	-1	82012	0
-1	10	31	1451	-1	82012	0
-1	10	1	1451	82012	-1	0
-1	10	2	1451	82012	-1	0
-1	10	3	1451	82012	-1	0
-1	10	4	1451	82012	-1	0
-1	10	5	1451	82012	-1	0
-1	10	6	1451	82012	-1	0
-1	10	14	1451	81856	-1	0
-1	10	15	1451	81856	-1	0
-1	10	17	1451	81856	-1	0
-1	10	18	1451	81856	-1	0
-1	10	19	1451	81856	-1	0
-1	10	21	1451	81856	-1	0
-1	10	22	1451	81856	-1	0
-1	10	23	1451	81856	-1	0
-1	10	24	1451	81856	-1	0
-1	10	25	1451	81856	-1	0
-1	10	26	1451	81856	-1	0
-1	10	28	1451	81856	-1	0
-1	10	29	1451	81856	-1	0
-1	10	31	1451	81856	-1	0
-1	10	1	1451	82012	81299	0
-1	10	2	1451	82012	81299	0
-1	10	3	1451	82012	81299	0
-1	10	4	1451	82012	81299	0
-1	10	5	1451	82012	81299	0
-1	10	6	1451	82012	81299	0
-1	10	14	1451	81856	82012	0
-1	10	15	1451	81856	82012	0
-1	10	17	1451	81856	82012	0
-1	10	18	1451	81856	82012	0
-1	10	19	1451	81856	82012	0
-1	10	21	1451	81856	82012	0
-1	10	22	1451	81856	82012	0
-1	10	23	1451	81856	82012	0
-1	10	24	1451	81856	82012	0
-1	10	25	1451	81856	82012	0
-1	10	26	1451	81856	82012	0
-1	10	28	1451	81856	82012	0
-1	10	29	1451	81856	82012	0
-1	10	31	1451	81856	82012	0
1987	-1	-1	-1	-1	-1	0
1987	-1	-1	-1	-1	81299	0
1987	-1	-1	-1	-1	82012	0
1987	-1	-1	-1	81856	-1	0
1987	-1	-1	-1	82012	-1	0
1987	-1	-1	-1	81856	82012	0
1987	-1	-1	-1	82012	81299	0
1987	-1	-1	1451	-1	-1	0
1987	-1	-1	1451	-1	81299	0
1987	-1	-1	1451	-1	82012	0
1987	-1	-1	1451	81856	-1	0
1987	-1	-1	1451	82012	-1	0
1987	-1	-1	1451	81856	82012	0
1987	-1	-1	1451	82012	81299	0
1987	-1	1	-1	-1	-1	0
1987	-1	2	-1	-1	-1	0
1987	-1	3	-1	-1	-1	0
1987	-1	4	-1	-1	-1	0
1987	-1	5	-1	-1	-1	0
1987	-1	6	-1	-1	-1	0
1987	-1	14	-1	-1	-1	0
1987	-1	15	-1	-1	-1	0
1987	-1	17	-1	-1	-1	0
1987	-1	18	-1	-1	-1	0
1987	-1	19	-1	-1	-1	0
1987	-1	21	-1	-1	-1	0
1987	-1	22	-1	-1	-1	0
1987	-1	23	-1	-1	-1	0
1987	-1	24	-1	-1	-1	0
1987	-1	25	-1	-1	-1	0
1987	-1	26	-1	-1	-1	0
1987	-1	28	-1	-1	-1	0
1987	-1	29	-1	-1	-1	0
1987	-1	31	-1	-1	-1	0
1987	-1	1	-1	-1	81299	0
1987	-1	2	-1	-1	81299	0
1987	-1	3	-1	-1	81299	0
1987	-1	4	-1	-1	81299	0
1987	-1	5	-1	-1	81299	0
1987	-1	6	-1	-1	81299	0
1987	-1	14	-1	-1	82012	0
1987	-1	15	-1	-1	82012	0
1987	-1	17	-1	-1	82012	0
1987	-1	18	-1	-1	82012	0
1987	-1	19	-1	-1	82012	0
1987	-1	21	-1	-1	82012	0
1987	-1	22	-1	-1	82012	0
1987	-1	23	-1	-1	82012	0
1987	-1	24	-1	-1	82012	0
1987	-1	25	-1	-1	82012	0
1987	-1	26	-1	-1	82012	0
1987	-1	28	-1	-1	82012	0
1987	-1	29	-1	-1	82012	0
1987	-1	31	-1	-1	82012	0
1987	-1	1	-1	82012	-1	0
1987	-1	2	-1	82012	-1	0
1987	-1	3	-1	82012	-1	0
1987	-1	4	-1	82012	-1	0
1987	-1	5	-1	82012	-1	0
1987	-1	6	-1	82012	-1	0
1987	-1	14	-1	81856	-1	0
1987	-1	15	-1	81856	-1	0
1987	-1	17	-1	81856	-1	0
1987	-1	18	-1	81856	-1	0
1987	-1	19	-1	81856	-1	0
1987	-1	21	-1	81856	-1	0
1987	-1	22	-1	81856	-1	0
1987	-1	23	-1	81856	-1	0
1987	-1	24	-1	81856	-1	0
1987	-1	25	-1	81856	-1	0
1987	-1	26	-1	81856	-1	0
1987	-1	28	-1	81856	-1	0
1987	-1	29	-1	81856	-1	0
1987	-1	31	-1	81856	-1	0
1987	-1	1	-1	82012	81299	0
1987	-1	2	-1	82012	81299	0
1987	-1	3	-1	82012	81299	0
1987	-1	4	-1	82012	81299	0
1987	-1	5	-1	82012	81299	0
1987	-1	6	-1	82012	81299	0
1987	-1	14	-1	81856	82012	0
1987	-1	15	-1	81856	82012	0
1987	-1	17	-1	81856	82012	0
1987	-1	18	-1	81856	82012	0
1987	-1	19	-1	81856	82012	0
1987	-1	21	-1	81856	82012	0
1987	-1	22	-1	81856	82012	0
1987	-1	23	-1	81856	82012	0
1987	-1	24	-1	81856	82012	0
1987	-1	25	-1	81856	82012	0
1987	-1	26	-1	81856	82012	0
1987	-1	28	-1	81856	82012	0
1987	-1	29	-1	81856	82012	0
1987	-1	31	-1	81856	82012	0
1987	-1	1	1451	-1	-1	0
1987	-1	2	1451	-1	-1	0
1987	-1	3	1451	-1	-1	0
1987	-1	4	1451	-1	-1	0
1987	-1	5	1451	-1	-1	0
1987	-1	6	1451	-1	-1	0
1987	-1	14	1451	-1	-1	0
1987	-1	15	1451	-1	-1	0
1987	-1	17	1451	-1	-1	0
1987	-1	18	1451	-1	-1	0
1987	-1	19	1451	-1	-1	0
1987	-1	21	1451	-1	-1	0
1987	-1	22	1451	-1	-1	0
1987	-1	23	1451	-1	-1	0
1987	-1	24	1451	-1	-1	0
1987	-1	25	1451	-1	-1	0
1987	-1	26	1451	-1	-1	0
1987	-1	28	1451	-1	-1	0
1987	-1	29	1451	-1	-1	0
1987	-1	31	1451	-1	-1	0
1987	-1	1	1451	-1	81299	0
1987	-1	2	1451	-1	81299	0
1987	-1	3	1451	-1	81299	0
1987	-1	4	1451	-1	81299	0
1987	-1	5	1451	-1	81299	0
1987	-1	6	1451	-1	81299	0
1987	-1	14	1451	-1	82012	0
1987	-1	15	1451	-1	82012	0
1987	-1	17	1451	-1	82012	0
1987	-1	18	1451	-1	82012	0
1987	-1	19	1451	-1	82012	0
1987	-1	21	1451	-1	82012	0
1987	-1	22	1451	-1	82012	0
1987	-1	23	1451	-1	82012	0
1987	-1	24	1451	-1	82012	0
1987	-1	25	1451	-1	82012	0
1987	-1	26	1451	-1	82012	0
1987	-1	28	1451	-1	82012	0
1987	-1	29	1451	-1	82012	0
1987	-1	31	1451	-1	82012	0
1987	-1	1	1451	82012	-1	0
1987	-1	2	1451	82012	-1	0
1987	-1	3	1451	82012	-1	0
1987	-1	4	1451	82012	-1	0
1987	-1	5	1451	82012	-1	0
1987	-1	6	1451	82012	-1	0
1987	-1	14	1451	81856	-1	0
1987	-1	15	1451	81856	-1	0
1987	-1	17	1451	81856	-1	0
1987	-1	18	1451	81856	-1	0
1987	-1	19	1451	81856	-1	0
1987	-1	21	1451	81856	-1	0
1987	-1	22	1451	81856	-1	0
1987	-1	23	1451	81856	-1	0
1987	-1	24	1451	81856	-1	0
1987	-1	25	1451	81856	-1	0
1987	-1	26	1451	81856	-1	0
1987	-1	28	1451	81856	-1	0
1987	-1	29	1451	81856	-1	0
1987	-1	31	1451	81856	-1	0
1987	-1	1	1451	82012	81299	0
1987	-1	2	1451	82012	81299	0
1987	-1	3	1451	82012	81299	0
1987	-1	4	1451	82012	81299	0
1987	-1	5	1451	82012	81299	0
1987	-1	6	1451	82012	81299	0
1987	-1	14	1451	81856	82012	0
1987	-1	15	1451	81856	82012	0
1987	-1	17	1451	81856	82012	0
1987	-1	18	1451	81856	82012	0
1987	-1	19	1451	81856	82012	0
1987	-1	21	1451	81856	82012	0
1987	-1	22	1451	81856	82012	0
1987	-1	23	1451	81856	82012	0
1987	-1	24	1451	81856	82012	0
1987	-1	25	1451	81856	82012	0
1987	-1	26	1451	81856	82012	0
1987	-1	28	1451	81856	82012	0
1987	-1	29	1451	81856	82012	0
1987	-1	31	1451	81856	82012	0
1987	10	-1	-1	-1	-1	0
1987	10	-1	-1	-1	81299	0
1987	10	-1	-1	-1	82012	0
1987	10	-1	-1	81856	-1	0
1987	10	-1	-1	82012	-1	0
1987	10	-1	-1	81856	82012	0
1987	10	-1	-1	82012	81299	0
1987	10	-1	1451	-1	-1	0
1987	10	-1	1451	-1	81299	0
1987	10	-1	1451	-1	82012	0
1987	10	-1	1451	81856	-1	0
1987	10	-1	1451	82012	-1	0
1987	10	-1	1451	81856	82012	0
1987	10	-1	1451	82012	81299	0
1987	10	1	-1	-1	-1	0
1987	10	2	-1	-1	-1	0
1987	10	3	-1	-1	-1	0
1987	10	4	-1	-1	-1	0
1987	10	5	-1	-1	-1	0
1987	10	6	-1	-1	-1	0
1987	10	14	-1	-1	-1	0
1987	10	15	-1	-1	-1	0
1987	10	17	-1	-1	-1	0
1987	10	18	-1	-1	-1	0
1987	10	19	-1	-1	-1	0
1987	10	21	-1	-1	-1	0
1987	10	22	-1	-1	-1	0
1987	10	23	-1	-1	-1	0
1987	10	24	-1	-1	-1	0
1987	10	25	-1	-1	-1	0
1987	10	26	-1	-1	-1	0
1987	10	28	-1	-1	-1	0
1987	10	29	-1	-1	-1	0
1987	10	31	-1	-1	-1	0
1987	10	1	-1	-1	81299	0
1987	10	2	-1	-1	81299	0
1987	10	3	-1	-1	81299	0
1987	10	4	-1	-1	81299	0
1987	10	5	-1	-1	81299	0
1987	10	6	-1	-1	81299	0
1987	10	14	-1	-1	82012	0
1987	10	15	-1	-1	82012	0
1987	10	17	-1	-1	82012	0
1987	10	18	-1	-1	82012	0
1987	10	19	-1	-1	82012	0
1987	10	21	-1	-1	82012	0
1987	10	22	-1	-1	82012	0
1987	10	23	-1	-1	82012	0
1987	10	24	-1	-1	82012	0
1987	10	25	-1	-1	82012	0
1987	10	26	-1	-1	82012	0
1987	10	28	-1	-1	82012	0
1987	10	29	-1	-1	82012	0
1987	10	31	-1	-1	82012	0
1987	10	1	-1	82012	-1	0
1987	10	2	-1	82012	-1	0
1987	10	3	-1	82012	-1	0
1987	10	4	-1	82012	-1	0
1987	10	5	-1	82012	-1	0
1987	10	6	-1	82012	-1	0
1987	10	14	-1	81856	-1	0
1987	10	15	-1	81856	-1	0
1987	10	17	-1	81856	-1	0
1987	10	18	-1	81856	-1	0
1987	10	19	-1	81856	-1	0
1987	10	21	-1	81856	-1	0
1987	10	22	-1	81856	-1	0
1987	10	23	-1	81856	-1	0
1987	10	24	-1	81856	-1	0
1987	10	25	-1	81856	-1	0
1987	10	26	-1	81856	-1	0
1987	10	28	-1	81856	-1	0
1987	10	29	-1	81856	-1	0
1987	10	31	-1	81856	-1	0
1987	10	1	-1	82012	81299	0
1987	10	2	-1	82012	81299	0
1987	10	3	-1	82012	81299	0
1987	10	4	-1	82012	81299	0
1987	10	5	-1	82012	81299	0
1987	10	6	-1	82012	81299	0
1987	10	14	-1	81856	82012	0
1987	10	15	-1	81856	82012	0
1987	10	17	-1	81856	82012	0
1987	10	18	-1	81856	82012	0
1987	10	19	-1	81856	82012	0
1987	10	21	-1	81856	82012	0
1987	10	22	-1	81856	82012	0
1987	10	23	-1	81856	82012	0
1987	10	24	-1	81856	82012	0
1987	10	25	-1	81856	82012	0
1987	10	26	-1	81856	82012	0
1987	10	28	-1	81856	82012	0
1987	10	29	-1	81856	82012	0
1987	10	31	-1	81856	82012	0
1987	10	1	1451	-1	-1	0
1987	10	2	1451	-1	-1	0
1987	10	3	1451	-1	-1	0
1987	10	4	1451	-1	-1	0
1987	10	5	1451	-1	-1	0
1987	10	6	1451	-1	-1	0
1987	10	14	1451	-1	-1	0
1987	10	15	1451	-1	-1	0
1987	10	17	1451	-1	-1	0
1987	10	18	1451	-1	-1	0
1987	10	19	1451	-1	-1	0
1987	10	21	1451	-1	-1	0
1987	10	22	1451	-1	-1	0
1987	10	23	1451	-1	-1	0
1987	10	24	1451	-1	-1	0
1987	10	25	1451	-1	-1	0
1987	10	26	1451	-1	-1	0
1987	10	28	1451	-1	-1	0
1987	10	29	1451	-1	-1	0
1987	10	31	1451	-1	-1	0
1987	10	1	1451	-1	81299	0
1987	10	2	1451	-1	81299	0
1987	10	3	1451	-1	81299	0
1987	10	4	1451	-1	81299	0
1987	10	5	1451	-1	81299	0
1987	10	6	1451	-1	81299	0
1987	10	14	1451	-1	82012	0
1987	10	15	1451	-1	82012	0
1987	10	17	1451	-1	82012	0
1987	10	18	1451	-1	82012	0
1987	10	19	1451	-1	82012	0
1987	10	21	1451	-1	82012	0
1987	10	22	1451	-1	82012	0
1987	10	23	1451	-1	82012	0
1987	10	24	1451	-1	82012	0
1987	10	25	1451	-1	82012	0
1987	10	26	1451	-1	82012	0
1987	10	28	1451	-1	82012	0
1987	10	29	1451	-1	82012	0
1987	10	31	1451	-1	82012	0
1987	10	1	1451	82012	-1	0
1987	10	2	1451	82012	-1	0
1987	10	3	1451	82012	-1	0
1987	10	4	1451	82012	-1	0
1987	10	5	1451	82012	-1	0
1987	10	6	1451	82012	-1	0
1987	10	14	1451	81856	-1	0
1987	10	15	1451	81856	-1	0
1987	10	17	1451	81856	-1	0
1987	10	18	1451	81856	-1	0
1987	10	19	1451	81856	-1	0
1987	10	21	1451	81856	-1	0
1987	10	22	1451	81856	-1	0
1987	10	23	1451	81856	-1	0
1987	10	24	1451	81856	-1	0
1987	10	25	1451	81856	-1	0
1987	10	26	1451	81856	-1	0
1987	10	28	1451	81856	-1	0
1987	10	29	1451	81856	-1	0
1987	10	31	1451	81856	-1	0
1987	10	1	1451	82012	81299	0
1987	10	2	1451	82012	81299	0
1987	10	3	1451	82012	81299	0
1987	10	4	1451	82012	81299	0
1987	10	5	1451	82012	81299	0
1987	10	6	1451	82012	81299	0
1987	10	14	1451	81856	82012	0
1987	10	15	1451	81856	82012	0
1987	10	17	1451	81856	82012	0
1987	10	18	1451	81856	82012	0
1987	10	19	1451	81856	82012	0
1987	10	21	1451	81856	82012	0
1987	10	22	1451	81856	82012	0
1987	10	23	1451	81856	82012	0
1987	10	24	1451	81856	82012	0
1987	10	25	1451	81856	82012	0
1987	10	26	1451	81856	82012	0
1987	10	28	1451	81856	82012	0
1987	10	29	1451	81856	82012	0
1987	10	31	1451	81856	82012	0
