Y			M		d		h		m       s

2012		12		14		17		47		37		1000;
2012		12		5		13		31		7		2000;
2012		12		30		0		13		35		3000;
2013		5		24		19		29		40		4000;


pivot = 3


2012	12	5	13	31	7
previousKey = null		tmpRes = [0, 0, 0, 0, 0, 2000]		previousKey = 2012	12	5	13	31	7
		2012	12	5	13	31	7		200

2012	12	14	17	47	37
tmpRes = [0, 0, 0, 0, 0, 2000]		previousKey = 2012	12	5	13	31	7
Tìm vị trí khác nhau: 2 --> index
Tính max (index, pivot) --> 3
Từ i = 4 --> i = 3

		2012	12	5	13	31	*		2000
		2012	12	5	13	*	*		2000



2012	12	30	0	13	35
		2012	12	14	17	47	*

2013	5	24	19	29	40


2012	12	5	13	31	7	2000	--> 6
2012	12	5	13	31	-1	2000	-->	5
2012	12	5	13	-1	-1	2000	--> 4
2012	12	14	17	47	37	1000
2012	12	14	17	47	-1	1000
2012	12	14	17	-1	-1	1000
2012	12	30	0	13	35	3000
2012	12	30	0	13	-1	3000
2012	12	30	0	-1	-1	3000
2013	5	24	19	29	40	4000
2013	5	24	19	29	-1	4000
2013	5	24	19	-1	-1	4000
